10 10 5 0.0 1.0 0.0 6.283185307179586 
5.0 8.0 1.0 1.0
1.0 0.0 0.0
0.0 1.0 0.0
0.0 0.0 1.0
0 0 0
1
97 161 72
0.0 0.0 0.0
1.0 0.0 0.0
0.0 1.0 0.0
0.0 0.0 1.0
12
-0.22030944933134589 -0.9269804399572231
0.08011252702958038 -0.9818313535641594
0.5057103268742258 -0.8611593436288996
0.6909705456301303 -0.6362705978404608
0.8311674679318959 -0.4058967606913285
0.9463292255369178 -0.12615710129595348
0.9212940608401736 0.18649310626358329
0.8161463691138495 0.4223520347734093
0.6258791174185963 0.6253004151190735
0.3655134045724602 0.7843680645791888
0.0751054940902316 0.8940698917930614
-0.2503516469674385 0.7240320596115588
